#Enso baseline strings
enso_chick_down <- c(    "[0.18 0.1 0 0.1 0.2]",
                         "[0.2 0.9 0 0.1 0.2]",
                         "[0.2 0.1 0 0.9 0.2]",
                         "[0.2 0.1 0 0.1 0.18]")

enso_chick_baseline <- "[0.2 0.1 0 0.1 0.2]"

enso_chick_up <- c("[0.22 0.1 0 0.1 0.2]",
                   "[0.2 0.11 0 0.1 0.2]",
                   "[0.2 0.1 0 0.11 0.2]",
                   "[0.2 0.1 0 0.1 0.22]")

enso_ad_down <- c("[0.018 0.01 0 0.01 0.02]",
                  "[0.02 0.009 0 0.01 0.02]",
                  "[0.02 0.01 0 0.009 0.02]",
                  "[0.02 0.01 0 0.01 0.018]")

enso_ad_baseline <- "[0.02 0.01 0 0.01 0.02]"

enso_ad_up <- c("[0.022 0.01 0 0.01 0.02]",
                "[0.02 0.011 0 0.01 0.02]",
                "[0.02 0.01 0 0.011 0.02]",
                "[0.02 0.01 0 0.01 0.022]")